camera_name: rgb_A00366909204046A
frame_id: /head_cam3d_link
image_width: 640
image_height: 480
camera_matrix:
  rows: 3
  cols: 3
  data: [541.6870151613392, 0.0, 311.7845156721495, 0.0, 538.8740217356849, 236.57022810272338, 0.0, 0.0, 1.0]
distortion_model: plumb_bob
distortion_coefficients:
  rows: 1
  cols: 5
  data: [0.023900883009219318, 0.17439852657142108, -0.00284653949201349, -0.0040209641118208106, -1.1127323831058684]
rectification_matrix:
  rows: 3
  cols: 3
  data: [1, 0, 0, 0, 1, 0, 0, 0, 1]
projection_matrix:
  rows: 3
  cols: 4
  data: [1212.197509765625, 0.0, 694.9790648985218, 0.0, 0.0, 539.7146606445312, 235.19057569974393, 0.0, 0.0, 0.0, 1.0, 0.0]
