camera_name: left
frame_id: /head_color_camera_l_link
image_width: 1360
image_height: 1024
camera_matrix:
  rows: 3
  cols: 3
  data: [1439.033938037821, 0.0, 683.4907585840805, 0.0, 1434.5588858313874, 525.8907031653379, 0.0, 0.0, 1.0]
distortion_model: plumb_bob
distortion_coefficients:
  rows: 1
  cols: 5
  data: [-0.25115026766452625, 0.2031687812881162, -0.000815914178758417, -0.0005569339511937145, -0.025200320192850414]
rectification_matrix:
  rows: 3
  cols: 3
  data: [0.9999309631300846, 0.011474455906834735, -0.002530975184292786, -0.011486236904283853, 0.999923030438231, -0.004690368962326298, 0.0024769609443970036, 0.004719116534500042, 0.9999857972009472]
projection_matrix:
  rows: 3
  cols: 4
  data: [1434.706616929188, 0.0, 687.9371185302734, 0.0, 0.0, 1434.706616929188, 518.6196517944336, 0.0, 0.0, 0.0, 1.0, 0.0]
