camera_name: right
frame_id: /head_color_camera_r_link
image_width: 1360
image_height: 1024
camera_matrix:
  rows: 3
  cols: 3
  data: [1439.6312933531817, 0.0, 698.6644629192622, 0.0, 1436.185942938837, 512.750429374328, 0.0, 0.0, 1.0]
distortion_model: plumb_bob
distortion_coefficients:
  rows: 1
  cols: 5
  data: [-0.2463294772587624, 0.09887432426908101, -0.0006178559999669743, -0.00042994590328475287, 0.36637234150773607]
rectification_matrix:
  rows: 3
  cols: 3
  data: [0.9999655848580399, 0.006352026130999369, 0.005336746532240441, -0.006377064496116682, 0.9999686780754133, 0.004687847749504, -0.005306802043665026, -0.004721719193393738, 0.9999747712917203]
projection_matrix:
  rows: 3
  cols: 4
  data: [1434.706616929188, 0.0, 687.9371185302734, 173.45338810641604, 0.0, 1434.706616929188, 518.6196517944336, 0.0, 0.0, 0.0, 1.0, 0.0]
